De-identification Level,Accuracy,Accuracy StdDev,Disparate Impact,Fairness Loss Priv,Fairness Loss Unpriv,Utility Loss Priv.,Utility Loss Unpriv
None,0.7259158251640009,0.026454005127659858,0.4264814644163033,1.8484107579462103,2.2759414225941423,0.0,0.0
k=4,0.7661310532910739,0.00478926648981055,0.6236688963321256,0.18868319944114564,0.33368200836820083,-0.06048203728967716,-0.030494056058457786
k=8,0.7869241541976856,0.005389480427288665,0.5327454036431025,0.5152287809989522,0.7855648535564854,-0.05356980445657111,-0.06457628967171991
k=16,0.7452273899904179,0.005134509326120179,1.0578753900397264,0.4991617184771219,1.512133891213389,0.011664392905866294,-0.034169484131312045
