De-identification Level,Accuracy,Accuracy StdDev,Disparate Impact,Fairness Loss Priv,Fairness Loss Unpriv,Utility Loss Priv.,Utility Loss Unpriv
None,0.7202181764575809,0.026401321567053344,0.422009488548939,1.8872563118444503,2.2290630217016414,0.0,0.0
k=4,0.7394634038475714,0.0031569650369501446,0.3499388531587672,1.8270535871904396,1.7587577360847582,-0.033334414885980435,-0.012630509775032661
k=8,0.7360359696321958,0.0033417664099202066,0.3044984024561309,1.8387452952316992,1.5406010318089334,-0.041132609888527405,-0.004081763807492034
k=16,0.7473575587823394,0.0046023188443527555,0.2865216101339856,1.7510494969295451,1.4061133573346498,-0.046395367188913794,-0.018045953039947493
