De-identification Level,Accuracy,Accuracy StdDev,Disparate Impact,Fairness Loss Priv,Fairness Loss Unpriv,Utility Loss Priv.,Utility Loss Unpriv
None,0.5902926931985681,0.034706779767531094,0.6969596550658975,2.6030092592592595,3.5994949494949493,0.0,0.0
k=4,0.7551695093703938,0.006040478760197886,0.6252884694482609,1.746990740740741,2.1631313131313132,-0.1606139777922927,-0.17261410788381748
k=8,0.7419035586439251,0.009633233103652182,0.6342660734800624,1.8233796296296299,2.29040404040404,-0.1470934030045722,-0.15981031416716063
k=16,0.6959149294588334,0.02314329045041054,0.6779036712503314,2.0407407407407407,2.7436868686868685,-0.09866100587851079,-0.1182572614107884
