De-identification Level,Accuracy,Accuracy StdDev,Disparate Impact,Fairness Loss Priv,Fairness Loss Unpriv,Utility Loss Priv.,Utility Loss Unpriv
None,0.5852811118130132,0.030585260553834676,0.6844143167320793,2.605486490221865,3.7222141037701113,0.0,0.0
k=4,0.7733206990945463,0.006483577764528399,2.705958198900457,1.554156770565891,2.4588635440133517,0.044955805864746345,-0.27190238939466305
k=8,0.7770056854074542,0.006393862476600979,2.8540195720867865,1.5584573053995463,2.468503890573941,0.06328298647442654,-0.27529678557621384
k=16,0.7771320277953253,0.005501945902951453,2.9937984950822383,1.5717909187815307,2.465540418659521,0.07854355287109283,-0.2760562272677063
