De-identification Level,Accuracy,Accuracy StdDev,Disparate Impact,Fairness Loss Priv,Fairness Loss Unpriv,Utility Loss Priv.,Utility Loss Unpriv
None,0.5869656769846283,0.029826671164600086,0.6581679487811868,2.622787610619469,3.9173789173789175,0.0,0.0
k=4,0.7508738681827754,0.0053117346995130285,0.587297887325287,1.7710176991150441,2.3566951566951566,-0.15957727873183614,-0.17152818128994773
k=8,0.7363655506422405,0.02523355330439972,0.607955995964817,1.8305309734513275,2.5264957264957264,-0.14306472919418756,-0.16054619407321324
k=16,0.6857443672352074,0.029942392350136446,0.6627894039471112,2.0329646017699115,3.0606837606837605,-0.0879458388375165,-0.11783846600813486
