De-identification Level,Accuracy,Accuracy StdDev,Disparate Impact,Fairness Loss Priv,Fairness Loss Unpriv,Utility Loss Priv.,Utility Loss Unpriv
None,0.626,0.12330630334433208,0.8328668208979098,1.1533260447063416,1.2044156118793032,0.0,0.0
k=4,0.5966666666666667,0.13495312400612425,0.9059238114657313,1.034764248851771,1.1639399521053173,-0.006401561325825811,0.049016421749916605
k=8,0.5953333333333333,0.09932115262130564,1.0467605936212183,0.9357198295512211,1.0502751645715138,-0.0058547727314463005,0.0483836721859755
k=16,0.5223333333333333,0.16874299253854722,0.6584719745064083,0.7094445659933067,0.8731890331890332,0.05874631378253192,0.12514344981759906
