De-identification Level,Accuracy,Accuracy StdDev,Disparate Impact,Fairness Loss Priv,Fairness Loss Unpriv,Utility Loss Priv.,Utility Loss Unpriv
None,0.49966666666666665,0.1663511828914442,1.2152539670304128,0.6566666666666667,0.7606557377049181,0.0,0.0
k=4,0.5106666666666666,0.16612355954841876,1.2530359184600246,0.6606666666666667,0.7918032786885246,0.015463917525773141,-0.02364532019704435
k=8,0.5783333333333334,0.15204978067221647,0.9449689236174903,0.9266666666666666,1.0868852459016394,-0.03402061855670102,-0.09999999999999998
k=16,0.528,0.15411395495253216,0.976179041505126,0.7813333333333333,1.1245901639344262,-0.028865979381443307,-0.028078817733990125
